==============================================================================================
OBSERVABLE:       inclusive jet cross section R = 0.7
COLLISION TYPE:   proton-proton 
COLLISION ENERGY: 7 TeV 
EXPERIMENT:       CMS / LHC 
RUN:              2011 
LUMINOSITY:       5.0 fb-1 
==============================================================================================
Statistical correlation of the measured cross section between the pt bins in the rapidity range |y|<0.5
==============================================================================================
  56   64  1.00  0.51 -0.24 -0.17  0.08  0.04  0     0     0     0     0     0     0     0     0     0     0     0     0     0     0     0     0     0     0     0     0     0     0     0     0     0     0    
  64   74  0.51  1.00  0.32 -0.28 -0.13  0.09  0     0     0     0     0     0     0     0     0     0     0     0     0     0     0     0     0     0     0     0     0     0     0     0     0     0     0    
  74   84 -0.24  0.32  1.00  0.56 -0.36 -0.12  0.04  0     0     0     0     0     0     0     0     0     0     0     0     0     0     0     0     0     0     0     0     0     0     0     0     0     0    
  84   97 -0.17 -0.28  0.56  1.00 -0.07 -0.30  0.04  0.02  0     0     0     0     0     0     0     0     0     0     0     0     0     0     0     0     0     0     0     0     0     0     0     0     0    
  97  114  0.08 -0.13 -0.36 -0.07  1.00  0.11 -0.20  0.01  0.06  0     0     0     0     0     0     0     0     0     0     0     0     0     0     0     0     0     0     0     0     0     0     0     0    
 114  133  0.04  0.09 -0.12 -0.30  0.11  1.00  0.07 -0.21  0     0.07  0     0     0     0     0     0     0     0     0     0     0     0     0     0     0     0     0     0     0     0     0     0     0    
 133  153  0     0     0.04  0.04 -0.20  0.07  1.00  0.15 -0.36 -0.02  0.03  0     0     0     0     0     0     0     0     0     0     0     0     0     0     0     0     0     0     0     0     0     0    
 153  174  0     0     0     0.02  0.01 -0.21  0.15  1.00 -0.08 -0.36  0.04  0.03  0     0     0     0     0     0     0     0     0     0     0     0     0     0     0     0     0     0     0     0     0    
 174  196  0     0     0     0     0.06  0    -0.36 -0.08  1.00  0.18 -0.24 -0.01  0.03  0     0     0     0     0     0     0     0     0     0     0     0     0     0     0     0     0     0     0     0    
 196  220  0     0     0     0     0     0.07 -0.02 -0.36  0.18  1.00  0.14 -0.24 -0.01  0.10  0    -0.01  0     0     0     0     0     0     0     0     0     0     0     0     0     0     0     0     0    
 220  245  0     0     0     0     0     0     0.03  0.04 -0.24  0.14  1.00  0.19 -0.25 -0.07  0.10  0    -0.01  0     0     0     0     0     0     0     0     0     0     0     0     0     0     0     0    
 245  272  0     0     0     0     0     0     0     0.03 -0.01 -0.24  0.19  1.00  0.24 -0.42 -0.07  0.08  0.02  0     0     0     0     0     0     0     0     0     0     0     0     0     0     0     0    
 272  300  0     0     0     0     0     0     0     0     0.03 -0.01 -0.25  0.24  1.00  0.05 -0.44  0.04  0.07  0     0     0     0     0     0     0     0     0     0     0     0     0     0     0     0    
 300  330  0     0     0     0     0     0     0     0     0     0.10 -0.07 -0.42  0.05  1.00  0.20 -0.26 -0.04  0.03  0     0     0     0     0     0     0     0     0     0     0     0     0     0     0    
 330  362  0     0     0     0     0     0     0     0     0     0     0.10 -0.07 -0.44  0.20  1.00  0.08 -0.27 -0.01  0.03  0     0     0     0     0     0     0     0     0     0     0     0     0     0    
 362  395  0     0     0     0     0     0     0     0     0    -0.01  0     0.08  0.04 -0.26  0.08  1.00  0.24 -0.26 -0.04  0.08  0.01  0     0     0     0     0     0     0     0     0     0     0     0    
 395  430  0     0     0     0     0     0     0     0     0     0    -0.01  0.02  0.07 -0.04 -0.27  0.24  1.00  0.24 -0.26 -0.10  0.08  0.01  0     0     0     0     0     0     0     0     0     0     0    
 430  468  0     0     0     0     0     0     0     0     0     0     0     0     0     0.03 -0.01 -0.26  0.24  1.00  0.29 -0.34 -0.09  0.04  0.01  0     0     0     0     0     0     0     0     0     0    
 468  507  0     0     0     0     0     0     0     0     0     0     0     0     0     0     0.03 -0.04 -0.26  0.29  1.00  0.15 -0.37  0     0.04  0     0     0     0     0     0     0     0     0     0    
 507  548  0     0     0     0     0     0     0     0     0     0     0     0     0     0     0     0.08 -0.10 -0.34  0.15  1.00  0.22 -0.25 -0.05  0.04  0.01  0     0     0     0     0     0     0     0    
 548  592  0     0     0     0     0     0     0     0     0     0     0     0     0     0     0     0.01  0.08 -0.09 -0.37  0.22  1.00  0.24 -0.25 -0.06  0.04  0.01  0     0     0     0     0     0     0    
 592  638  0     0     0     0     0     0     0     0     0     0     0     0     0     0     0     0     0.01  0.04  0    -0.25  0.24  1.00  0.28 -0.26 -0.06  0.04  0.01  0     0     0     0     0     0    
 638  686  0     0     0     0     0     0     0     0     0     0     0     0     0     0     0     0     0     0.01  0.04 -0.05 -0.25  0.28  1.00  0.29 -0.26 -0.07  0.04  0.01  0     0     0     0     0    
 686  737  0     0     0     0     0     0     0     0     0     0     0     0     0     0     0     0     0     0     0     0.04 -0.06 -0.26  0.29  1.00  0.28 -0.26 -0.07  0.04  0.01  0     0     0     0    
 737  790  0     0     0     0     0     0     0     0     0     0     0     0     0     0     0     0     0     0     0     0.01  0.04 -0.06 -0.26  0.28  1.00  0.30 -0.26 -0.08  0.04  0.02  0     0     0    
 790  846  0     0     0     0     0     0     0     0     0     0     0     0     0     0     0     0     0     0     0     0     0.01  0.04 -0.07 -0.26  0.30  1.00  0.31 -0.26 -0.08  0.04  0.02  0     0    
 846  905  0     0     0     0     0     0     0     0     0     0     0     0     0     0     0     0     0     0     0     0     0     0.01  0.04 -0.07 -0.26  0.31  1.00  0.31 -0.26 -0.08  0.04  0.02  0    
 905  967  0     0     0     0     0     0     0     0     0     0     0     0     0     0     0     0     0     0     0     0     0     0     0.01  0.04 -0.08 -0.26  0.31  1.00  0.32 -0.25 -0.08  0.04  0.02 
 967 1032  0     0     0     0     0     0     0     0     0     0     0     0     0     0     0     0     0     0     0     0     0     0     0     0.01  0.04 -0.08 -0.26  0.32  1.00  0.33 -0.25 -0.09  0.04 
1032 1101  0     0     0     0     0     0     0     0     0     0     0     0     0     0     0     0     0     0     0     0     0     0     0     0     0.02  0.04 -0.08 -0.25  0.33  1.00  0.32 -0.26 -0.09 
1101 1172  0     0     0     0     0     0     0     0     0     0     0     0     0     0     0     0     0     0     0     0     0     0     0     0     0     0.02  0.04 -0.08 -0.25  0.32  1.00  0.34 -0.25 
1172 1248  0     0     0     0     0     0     0     0     0     0     0     0     0     0     0     0     0     0     0     0     0     0     0     0     0     0     0.02  0.04 -0.09 -0.26  0.34  1.00  0.32 
1248 1327  0     0     0     0     0     0     0     0     0     0     0     0     0     0     0     0     0     0     0     0     0     0     0     0     0     0     0     0.02  0.04 -0.09 -0.25  0.32  1.00 

==============================================================================================
Statistical correlation of the measured cross section between the pt bins in the rapidity range 0.5<|y|<1.0
==============================================================================================
  56   64  1.00  0.54 -0.22 -0.19  0.07  0.05  0     0     0     0     0     0     0     0     0     0     0     0     0     0     0     0     0     0     0     0     0     0     0     0     0     0     0    
  64   74  0.54  1.00  0.33 -0.27 -0.15  0.09  0     0     0     0     0     0     0     0     0     0     0     0     0     0     0     0     0     0     0     0     0     0     0     0     0     0     0    
  74   84 -0.22  0.33  1.00  0.60 -0.35 -0.14  0.04  0     0     0     0     0     0     0     0     0     0     0     0     0     0     0     0     0     0     0     0     0     0     0     0     0     0    
  84   97 -0.19 -0.27  0.60  1.00 -0.04 -0.31  0.04  0.02  0     0     0     0     0     0     0     0     0     0     0     0     0     0     0     0     0     0     0     0     0     0     0     0     0    
  97  114  0.07 -0.15 -0.35 -0.04  1.00  0.13 -0.21  0     0.07  0     0     0     0     0     0     0     0     0     0     0     0     0     0     0     0     0     0     0     0     0     0     0     0    
 114  133  0.05  0.09 -0.14 -0.31  0.13  1.00  0.10 -0.22 -0.01  0.07  0     0     0     0     0     0     0     0     0     0     0     0     0     0     0     0     0     0     0     0     0     0     0    
 133  153  0     0     0.04  0.04 -0.21  0.10  1.00  0.18 -0.37 -0.04  0.04  0     0     0     0     0     0     0     0     0     0     0     0     0     0     0     0     0     0     0     0     0     0    
 153  174  0     0     0     0.02  0    -0.22  0.18  1.00 -0.04 -0.38  0.03  0.03  0     0     0     0     0     0     0     0     0     0     0     0     0     0     0     0     0     0     0     0     0    
 174  196  0     0     0     0     0.07 -0.01 -0.37 -0.04  1.00  0.18 -0.24 -0.02  0.04  0    -0.01  0     0     0     0     0     0     0     0     0     0     0     0     0     0     0     0     0     0    
 196  220  0     0     0     0     0     0.07 -0.04 -0.38  0.18  1.00  0.17 -0.24 -0.02  0.10  0    -0.01  0     0     0     0     0     0     0     0     0     0     0     0     0     0     0     0     0    
 220  245  0     0     0     0     0     0     0.04  0.03 -0.24  0.17  1.00  0.21 -0.26 -0.10  0.11  0.02 -0.01  0     0     0     0     0     0     0     0     0     0     0     0     0     0     0     0    
 245  272  0     0     0     0     0     0     0     0.03 -0.02 -0.24  0.21  1.00  0.26 -0.42 -0.09  0.08  0.02  0     0     0     0     0     0     0     0     0     0     0     0     0     0     0     0    
 272  300  0     0     0     0     0     0     0     0     0.04 -0.02 -0.26  0.26  1.00  0.09 -0.46  0.02  0.07  0     0     0     0     0     0     0     0     0     0     0     0     0     0     0     0    
 300  330  0     0     0     0     0     0     0     0     0     0.10 -0.10 -0.42  0.09  1.00  0.21 -0.26 -0.06  0.03  0     0     0     0     0     0     0     0     0     0     0     0     0     0     0    
 330  362  0     0     0     0     0     0     0     0    -0.01  0     0.11 -0.09 -0.46  0.21  1.00  0.11 -0.28 -0.02  0.03  0.01  0     0     0     0     0     0     0     0     0     0     0     0     0    
 362  395  0     0     0     0     0     0     0     0     0    -0.01  0.02  0.08  0.02 -0.26  0.11  1.00  0.25 -0.27 -0.06  0.09  0.02  0     0     0     0     0     0     0     0     0     0     0     0    
 395  430  0     0     0     0     0     0     0     0     0     0    -0.01  0.02  0.07 -0.06 -0.28  0.25  1.00  0.25 -0.27 -0.12  0.09  0.01  0     0     0     0     0     0     0     0     0     0     0    
 430  468  0     0     0     0     0     0     0     0     0     0     0     0     0     0.03 -0.02 -0.27  0.25  1.00  0.33 -0.33 -0.11  0.04  0.02  0     0     0     0     0     0     0     0     0     0    
 468  507  0     0     0     0     0     0     0     0     0     0     0     0     0     0     0.03 -0.06 -0.27  0.33  1.00  0.17 -0.38 -0.02  0.04  0     0     0     0     0     0     0     0     0     0    
 507  548  0     0     0     0     0     0     0     0     0     0     0     0     0     0     0.01  0.09 -0.12 -0.33  0.17  1.00  0.23 -0.26 -0.06  0.04  0.01  0     0     0     0     0     0     0     0    
 548  592  0     0     0     0     0     0     0     0     0     0     0     0     0     0     0     0.02  0.09 -0.11 -0.38  0.23  1.00  0.26 -0.26 -0.07  0.04  0.01  0     0     0     0     0     0     0    
 592  638  0     0     0     0     0     0     0     0     0     0     0     0     0     0     0     0     0.01  0.04 -0.02 -0.26  0.26  1.00  0.29 -0.27 -0.08  0.04  0.02  0     0     0     0     0     0    
 638  686  0     0     0     0     0     0     0     0     0     0     0     0     0     0     0     0     0     0.02  0.04 -0.06 -0.26  0.29  1.00  0.30 -0.26 -0.08  0.04  0.02  0     0     0     0     0    
 686  737  0     0     0     0     0     0     0     0     0     0     0     0     0     0     0     0     0     0     0     0.04 -0.07 -0.27  0.30  1.00  0.31 -0.27 -0.08  0.04  0.02  0     0     0     0    
 737  790  0     0     0     0     0     0     0     0     0     0     0     0     0     0     0     0     0     0     0     0.01  0.04 -0.08 -0.26  0.31  1.00  0.31 -0.26 -0.08  0.04  0.02  0     0     0    
 790  846  0     0     0     0     0     0     0     0     0     0     0     0     0     0     0     0     0     0     0     0     0.01  0.04 -0.08 -0.27  0.31  1.00  0.32 -0.26 -0.09  0.04  0.02  0     0    
 846  905  0     0     0     0     0     0     0     0     0     0     0     0     0     0     0     0     0     0     0     0     0     0.02  0.04 -0.08 -0.26  0.32  1.00  0.32 -0.25 -0.09  0.04  0.02  0    
 905  967  0     0     0     0     0     0     0     0     0     0     0     0     0     0     0     0     0     0     0     0     0     0     0.02  0.04 -0.08 -0.26  0.32  1.00  0.34 -0.26 -0.09  0.04  0.02 
 967 1032  0     0     0     0     0     0     0     0     0     0     0     0     0     0     0     0     0     0     0     0     0     0     0     0.02  0.04 -0.09 -0.25  0.34  1.00  0.33 -0.27 -0.09  0.04 
1032 1101  0     0     0     0     0     0     0     0     0     0     0     0     0     0     0     0     0     0     0     0     0     0     0     0     0.02  0.04 -0.09 -0.26  0.33  1.00  0.32 -0.27 -0.09 
1101 1172  0     0     0     0     0     0     0     0     0     0     0     0     0     0     0     0     0     0     0     0     0     0     0     0     0     0.02  0.04 -0.09 -0.27  0.32  1.00  0.34 -0.25 
1172 1248  0     0     0     0     0     0     0     0     0     0     0     0     0     0     0     0     0     0     0     0     0     0     0     0     0     0     0.02  0.04 -0.09 -0.27  0.34  1.00  0.28 
1248 1327  0     0     0     0     0     0     0     0     0     0     0     0     0     0     0     0     0     0     0     0     0     0     0     0     0     0     0     0.02  0.04 -0.09 -0.25  0.28  1.00 

==============================================================================================
Statistical correlation of the measured cross section between the pt bins in the rapidity range 1.0<|y|<1.5
==============================================================================================
  56   64  1.00  0.63 -0.15 -0.28 -0.03  0.09  0     0     0     0     0     0     0     0     0     0     0     0     0     0     0     0     0     0     0     0     0     0     0     0    
  64   74  0.63  1.00  0.41 -0.17 -0.29  0.06  0.02  0     0     0     0     0     0     0     0     0     0     0     0     0     0     0     0     0     0     0     0     0     0     0    
  74   84 -0.15  0.41  1.00  0.72 -0.24 -0.24  0.04  0.02  0     0     0     0     0     0     0     0     0     0     0     0     0     0     0     0     0     0     0     0     0     0    
  84   97 -0.28 -0.17  0.72  1.00  0.14 -0.38  0     0.04  0.02  0     0     0     0     0     0     0     0     0     0     0     0     0     0     0     0     0     0     0     0     0    
  97  114 -0.03 -0.29 -0.24  0.14  1.00  0.20 -0.25 -0.04  0.10  0.02  0     0     0     0     0     0     0     0     0     0     0     0     0     0     0     0     0     0     0     0    
 114  133  0.09  0.06 -0.24 -0.38  0.20  1.00  0.20 -0.26 -0.13  0.10  0.02  0     0     0     0     0     0     0     0     0     0     0     0     0     0     0     0     0     0     0    
 133  153  0     0.02  0.04  0    -0.25  0.20  1.00  0.34 -0.39 -0.14  0.04  0.02  0     0     0     0     0     0     0     0     0     0     0     0     0     0     0     0     0     0    
 153  174  0     0     0.02  0.04 -0.04 -0.26  0.34  1.00  0.13 -0.44 -0.02  0.04  0.01  0     0     0     0     0     0     0     0     0     0     0     0     0     0     0     0     0    
 174  196  0     0     0     0.02  0.10 -0.13 -0.39  0.13  1.00  0.22 -0.26 -0.07  0.04  0.04 -0.01  0     0     0     0     0     0     0     0     0     0     0     0     0     0     0    
 196  220  0     0     0     0     0.02  0.10 -0.14 -0.44  0.22  1.00  0.27 -0.26 -0.09  0.10  0.04  0     0     0     0     0     0     0     0     0     0     0     0     0     0     0    
 220  245  0     0     0     0     0     0.02  0.04 -0.02 -0.26  0.27  1.00  0.31 -0.28 -0.25  0.12  0.06  0     0     0     0     0     0     0     0     0     0     0     0     0     0    
 245  272  0     0     0     0     0     0     0.02  0.04 -0.07 -0.26  0.31  1.00  0.42 -0.37 -0.23  0.06  0.05  0     0     0     0     0     0     0     0     0     0     0     0     0    
 272  300  0     0     0     0     0     0     0     0.01  0.04 -0.09 -0.28  0.42  1.00  0.27 -0.53 -0.10  0.09  0.03  0     0     0     0     0     0     0     0     0     0     0     0    
 300  330  0     0     0     0     0     0     0     0     0.04  0.10 -0.25 -0.37  0.27  1.00  0.21 -0.27 -0.11  0.03  0.02  0     0     0     0     0     0     0     0     0     0     0    
 330  362  0     0     0     0     0     0     0     0    -0.01  0.04  0.12 -0.23 -0.53  0.21  1.00  0.25 -0.30 -0.08  0.03  0.04  0     0     0     0     0     0     0     0     0     0    
 362  395  0     0     0     0     0     0     0     0     0     0     0.06  0.06 -0.10 -0.27  0.25  1.00  0.33 -0.27 -0.14  0.07  0.05  0     0     0     0     0     0     0     0     0    
 395  430  0     0     0     0     0     0     0     0     0     0     0     0.05  0.09 -0.11 -0.30  0.33  1.00  0.37 -0.26 -0.24  0.07  0.04  0     0     0     0     0     0     0     0    
 430  468  0     0     0     0     0     0     0     0     0     0     0     0     0.03  0.03 -0.08 -0.27  0.37  1.00  0.47 -0.28 -0.21  0.02  0.03  0     0     0     0     0     0     0    
 468  507  0     0     0     0     0     0     0     0     0     0     0     0     0     0.02  0.03 -0.14 -0.26  0.47  1.00  0.31 -0.40 -0.09  0.04  0.02  0     0     0     0     0     0    
 507  548  0     0     0     0     0     0     0     0     0     0     0     0     0     0     0.04  0.07 -0.24 -0.28  0.31  1.00  0.27 -0.25 -0.13  0.03  0.03  0     0     0     0     0    
 548  592  0     0     0     0     0     0     0     0     0     0     0     0     0     0     0     0.05  0.07 -0.21 -0.40  0.27  1.00  0.37 -0.25 -0.14  0.03  0.03  0     0     0     0    
 592  638  0     0     0     0     0     0     0     0     0     0     0     0     0     0     0     0     0.04  0.02 -0.09 -0.25  0.37  1.00  0.39 -0.25 -0.15  0.03  0.03  0     0     0    
 638  686  0     0     0     0     0     0     0     0     0     0     0     0     0     0     0     0     0     0.03  0.04 -0.13 -0.25  0.39  1.00  0.41 -0.25 -0.16  0.02  0.03  0     0    
 686  737  0     0     0     0     0     0     0     0     0     0     0     0     0     0     0     0     0     0     0.02  0.03 -0.14 -0.25  0.41  1.00  0.39 -0.24 -0.16  0.02  0.03  0    
 737  790  0     0     0     0     0     0     0     0     0     0     0     0     0     0     0     0     0     0     0     0.03  0.03 -0.15 -0.25  0.39  1.00  0.43 -0.23 -0.16  0.01  0.04 
 790  846  0     0     0     0     0     0     0     0     0     0     0     0     0     0     0     0     0     0     0     0     0.03  0.03 -0.16 -0.24  0.43  1.00  0.40 -0.25 -0.17  0.02 
 846  905  0     0     0     0     0     0     0     0     0     0     0     0     0     0     0     0     0     0     0     0     0     0.03  0.02 -0.16 -0.23  0.40  1.00  0.42 -0.22 -0.17 
 905  967  0     0     0     0     0     0     0     0     0     0     0     0     0     0     0     0     0     0     0     0     0     0     0.03  0.02 -0.16 -0.25  0.42  1.00  0.46 -0.22 
 967 1032  0     0     0     0     0     0     0     0     0     0     0     0     0     0     0     0     0     0     0     0     0     0     0     0.03  0.01 -0.17 -0.22  0.46  1.00  0.37 
1032 1101  0     0     0     0     0     0     0     0     0     0     0     0     0     0     0     0     0     0     0     0     0     0     0     0     0.04  0.02 -0.17 -0.22  0.37  1.00 

==============================================================================================
Statistical correlation of the measured cross section between the pt bins in the rapidity range 1.5<|y|<2.0
==============================================================================================
  56   64  1.00  0.58 -0.19 -0.22  0.06  0.05  0     0     0     0     0     0     0     0     0     0     0     0     0     0     0     0     0     0     0     0    
  64   74  0.58  1.00  0.38 -0.24 -0.17  0.08  0     0     0     0     0     0     0     0     0     0     0     0     0     0     0     0     0     0     0     0    
  74   84 -0.19  0.38  1.00  0.61 -0.37 -0.13  0.04  0     0     0     0     0     0     0     0     0     0     0     0     0     0     0     0     0     0     0    
  84   97 -0.22 -0.24  0.61  1.00 -0.07 -0.29  0.04  0.02  0     0     0     0     0     0     0     0     0     0     0     0     0     0     0     0     0     0    
  97  114  0.06 -0.17 -0.37 -0.07  1.00  0.11 -0.20  0.02  0.05  0     0     0     0     0     0     0     0     0     0     0     0     0     0     0     0     0    
 114  133  0.05  0.08 -0.13 -0.29  0.11  1.00  0.05 -0.19  0.04  0.05  0     0     0     0     0     0     0     0     0     0     0     0     0     0     0     0    
 133  153  0     0     0.04  0.04 -0.20  0.05  1.00  0.08 -0.31  0.01  0.02  0     0     0     0     0     0     0     0     0     0     0     0     0     0     0    
 153  174  0     0     0     0.02  0.02 -0.19  0.08  1.00 -0.20 -0.29  0.05  0.02  0     0     0     0     0     0     0     0     0     0     0     0     0     0    
 174  196  0     0     0     0     0.05  0.04 -0.31 -0.20  1.00  0.12 -0.20  0.02  0.02  0     0     0     0     0     0     0     0     0     0     0     0     0    
 196  220  0     0     0     0     0     0.05  0.01 -0.29  0.12  1.00  0.05 -0.20  0.02  0.06  0     0     0     0     0     0     0     0     0     0     0     0    
 220  245  0     0     0     0     0     0     0.02  0.05 -0.20  0.05  1.00  0.07 -0.21  0.04  0.06 -0.01  0     0     0     0     0     0     0     0     0     0    
 245  272  0     0     0     0     0     0     0     0.02  0.02 -0.20  0.07  1.00  0.08 -0.34  0.02  0.04  0     0     0     0     0     0     0     0     0     0    
 272  300  0     0     0     0     0     0     0     0     0.02  0.02 -0.21  0.08  1.00 -0.19 -0.32  0.10  0.03  0     0     0     0     0     0     0     0     0    
 300  330  0     0     0     0     0     0     0     0     0     0.06  0.04 -0.34 -0.19  1.00  0.11 -0.22  0.01  0.02  0     0     0     0     0     0     0     0    
 330  362  0     0     0     0     0     0     0     0     0     0     0.06  0.02 -0.32  0.11  1.00 -0.07 -0.20  0.03  0.01  0     0     0     0     0     0     0    
 362  395  0     0     0     0     0     0     0     0     0     0    -0.01  0.04  0.10 -0.22 -0.07  1.00  0.08 -0.21  0.02  0.04  0     0     0     0     0     0    
 395  430  0     0     0     0     0     0     0     0     0     0     0     0     0.03  0.01 -0.20  0.08  1.00  0.06 -0.20  0.04  0.04  0     0     0     0     0    
 430  468  0     0     0     0     0     0     0     0     0     0     0     0     0     0.02  0.03 -0.21  0.06  1.00  0.07 -0.26  0.02  0.02  0     0     0     0    
 468  507  0     0     0     0     0     0     0     0     0     0     0     0     0     0     0.01  0.02 -0.20  0.07  1.00 -0.14 -0.24  0.04  0.01  0     0     0    
 507  548  0     0     0     0     0     0     0     0     0     0     0     0     0     0     0     0.04  0.04 -0.26 -0.14  1.00  0.10 -0.21  0.02  0.02  0     0    
 548  592  0     0     0     0     0     0     0     0     0     0     0     0     0     0     0     0     0.04  0.02 -0.24  0.10  1.00  0.05 -0.20  0.02  0.02  0    
 592  638  0     0     0     0     0     0     0     0     0     0     0     0     0     0     0     0     0     0.02  0.04 -0.21  0.05  1.00  0.06 -0.21  0.03  0.02 
 638  686  0     0     0     0     0     0     0     0     0     0     0     0     0     0     0     0     0     0     0.01  0.02 -0.20  0.06  1.00  0.08 -0.21  0.02 
 686  737  0     0     0     0     0     0     0     0     0     0     0     0     0     0     0     0     0     0     0     0.02  0.02 -0.21  0.08  1.00  0.06 -0.21 
 737  790  0     0     0     0     0     0     0     0     0     0     0     0     0     0     0     0     0     0     0     0     0.02  0.03 -0.21  0.06  1.00  0.09 
 790  846  0     0     0     0     0     0     0     0     0     0     0     0     0     0     0     0     0     0     0     0     0     0.02  0.02 -0.21  0.09  1.00 

==============================================================================================
Statistical correlation of the measured cross section between the pt bins in the rapidity range 2.0<|y|<2.5
==============================================================================================
  56   64  1.00  0.52 -0.24 -0.16  0.09  0.02  0     0     0     0     0     0     0     0     0     0     0     0     0     0     0    
  64   74  0.52  1.00  0.33 -0.29 -0.08  0.07  0     0     0     0     0     0     0     0     0     0     0     0     0     0     0    
  74   84 -0.24  0.33  1.00  0.51 -0.39 -0.06  0.03  0     0     0     0     0     0     0     0     0     0     0     0     0     0    
  84   97 -0.16 -0.29  0.51  1.00 -0.17 -0.23  0.04  0     0     0     0     0     0     0     0     0     0     0     0     0     0    
  97  114  0.09 -0.08 -0.39 -0.17  1.00  0.05 -0.16  0.03  0.03  0     0     0     0     0     0     0     0     0     0     0     0    
 114  133  0.02  0.07 -0.06 -0.23  0.05  1.00 -0.02 -0.15  0.06  0.03  0     0     0     0     0     0     0     0     0     0     0    
 133  153  0     0     0.03  0.04 -0.16 -0.02  1.00  0    -0.24  0.03  0.01  0     0     0     0     0     0     0     0     0     0    
 153  174  0     0     0     0     0.03 -0.15  0     1.00 -0.31 -0.22  0.05  0     0     0     0     0     0     0     0     0     0    
 174  196  0     0     0     0     0.03  0.06 -0.24 -0.31  1.00  0.07 -0.17  0.03  0.01  0     0     0     0     0     0     0     0    
 196  220  0     0     0     0     0     0.03  0.03 -0.22  0.07  1.00  0    -0.17  0.03  0.03  0     0     0     0     0     0     0    
 220  245  0     0     0     0     0     0     0.01  0.05 -0.17  0     1.00  0    -0.17  0.07  0.04 -0.01  0     0     0     0     0    
 245  272  0     0     0     0     0     0     0     0     0.03 -0.17  0     1.00  0    -0.27  0.04  0.03  0     0     0     0     0    
 272  300  0     0     0     0     0     0     0     0     0.01  0.03 -0.17  0     1.00 -0.29 -0.25  0.10  0.02  0     0     0     0    
 300  330  0     0     0     0     0     0     0     0     0     0.03  0.07 -0.27 -0.29  1.00  0.08 -0.19  0.02  0.01  0     0     0    
 330  362  0     0     0     0     0     0     0     0     0     0     0.04  0.04 -0.25  0.08  1.00 -0.12 -0.16  0.03  0     0     0    
 362  395  0     0     0     0     0     0     0     0     0     0    -0.01  0.03  0.10 -0.19 -0.12  1.00  0.06 -0.19  0.03  0.03  0    
 395  430  0     0     0     0     0     0     0     0     0     0     0     0     0.02  0.02 -0.16  0.06  1.00  0.04 -0.19  0.05  0.03 
 430  468  0     0     0     0     0     0     0     0     0     0     0     0     0     0.01  0.03 -0.19  0.04  1.00  0.05 -0.22  0.02 
 468  507  0     0     0     0     0     0     0     0     0     0     0     0     0     0     0     0.03 -0.19  0.05  1.00 -0.22 -0.19 
 507  548  0     0     0     0     0     0     0     0     0     0     0     0     0     0     0     0.03  0.05 -0.22 -0.22  1.00  0.11 
 548  592  0     0     0     0     0     0     0     0     0     0     0     0     0     0     0     0     0.03  0.02 -0.19  0.11  1.00 

==============================================================================================
Statistical correlation of the measured cross section between the pt bins in the rapidity range 2.5<|y|<3.0
==============================================================================================
  56   64  1.00  0.66 -0.12 -0.29 -0.04  0.09  0     0     0     0     0     0     0     0     0    
  64   74  0.66  1.00  0.43 -0.14 -0.29  0.05  0.02  0     0     0     0     0     0     0     0    
  74   84 -0.12  0.43  1.00  0.74 -0.27 -0.24  0.04  0.02  0     0     0     0     0     0     0    
  84   97 -0.29 -0.14  0.74  1.00  0.09 -0.37  0.01  0.03  0     0     0     0     0     0     0    
  97  114 -0.04 -0.29 -0.27  0.09  1.00  0.20 -0.25 -0.01  0.08  0     0     0     0     0     0    
 114  133  0.09  0.05 -0.24 -0.37  0.20  1.00  0.17 -0.26 -0.04  0.08  0     0     0     0     0    
 133  153  0     0.02  0.04  0.01 -0.25  0.17  1.00  0.25 -0.38 -0.06  0.03  0     0     0     0    
 153  174  0     0     0.02  0.03 -0.01 -0.26  0.25  1.00 -0.08 -0.36  0.03  0.03  0     0     0    
 174  196  0     0     0     0     0.08 -0.04 -0.38 -0.08  1.00  0.22 -0.25 -0.01  0.03  0     0    
 196  220  0     0     0     0     0     0.08 -0.06 -0.36  0.22  1.00  0.17 -0.25  0     0.08  0    
 220  245  0     0     0     0     0     0     0.03  0.03 -0.25  0.17  1.00  0.20 -0.28 -0.01  0.09 
 245  272  0     0     0     0     0     0     0     0.03 -0.01 -0.25  0.20  1.00  0.24 -0.39 -0.05 
 272  300  0     0     0     0     0     0     0     0     0.03  0    -0.28  0.24  1.00 -0.20 -0.34 
 300  330  0     0     0     0     0     0     0     0     0     0.08 -0.01 -0.39 -0.20  1.00  0.31 
 330  362  0     0     0     0     0     0     0     0     0     0     0.09 -0.05 -0.34  0.31  1.00 

