ymin   ymax   ptlow   pthi   R   Rerr_low    Rerr_high   uncor_error   npcor   npcorerr   unf_err_low   unf_err_hi  jec_src_low_11  jec_src_high_11  jec_src_low_12  jec_src_high_12  jec_src_low_15  jec_src_high_15
0.0 0.5 56 64 0.6964 0.0059 0.0059 0.0052 0.8493 0.0157 -0.0064 0.0060 0.0013 -0.0013 0.0052 -0.0051 0.0116 -0.0114 -0.0064 0.0060
0.0 0.5 64 74 0.7085 0.0077 0.0077 0.0034 0.8702 0.0150 -0.0048 0.0045 0.0013 -0.0013 0.0044 -0.0044 0.0108 -0.0107 -0.0048 0.0045
0.0 0.5 74 84 0.7171 0.0106 0.0106 0.0012 0.8903 0.0143 -0.0036 0.0034 0.0010 -0.0010 0.0040 -0.0040 0.0100 -0.0098 -0.0036 0.0034
0.0 0.5 84 97 0.7401 0.0128 0.0128 0.0010 0.9079 0.0135 -0.0028 0.0026 0.0010 -0.0010 0.0037 -0.0036 0.0096 -0.0095 -0.0028 0.0026
0.0 0.5 97 114 0.7600 0.0040 0.0040 0.0080 0.9241 0.0123 -0.0021 0.0019 0.0007 -0.0007 0.0031 -0.0031 0.0089 -0.0088 -0.0021 0.0019
0.0 0.5 114 133 0.7858 0.0056 0.0056 0.0014 0.9375 0.0110 -0.0015 0.0014 0.0007 -0.0007 0.0029 -0.0028 0.0086 -0.0085 -0.0015 0.0014
0.0 0.5 133 153 0.8064 0.0075 0.0075 0.0006 0.9478 0.0098 -0.0011 0.0010 0.0006 -0.0006 0.0026 -0.0026 0.0078 -0.0077 -0.0011 0.0010
0.0 0.5 153 174 0.8004 0.0101 0.0101 0.0005 0.9555 0.0087 -0.0008 0.0008 0.0006 -0.0006 0.0022 -0.0022 0.0070 -0.0070 -0.0008 0.0008
0.0 0.5 174 196 0.8110 0.0036 0.0036 0.0074 0.9615 0.0076 -0.0006 0.0006 0.0004 -0.0004 0.0019 -0.0019 0.0068 -0.0068 -0.0006 0.0006
0.0 0.5 196 220 0.8165 0.0047 0.0047 0.0018 0.9663 0.0067 -0.0005 0.0004 0.0006 -0.0006 0.0019 -0.0019 0.0062 -0.0061 -0.0005 0.0004
0.0 0.5 220 245 0.8158 0.0059 0.0059 0.0004 0.9702 0.0059 -0.0004 0.0003 0.0004 -0.0004 0.0020 -0.0019 0.0059 -0.0058 -0.0004 0.0003
0.0 0.5 245 272 0.8189 0.0074 0.0074 0.0010 0.9733 0.0051 -0.0003 0.0003 0.0004 -0.0004 0.0016 -0.0016 0.0056 -0.0055 -0.0003 0.0003
0.0 0.5 272 300 0.8473 0.0097 0.0097 0.0003 0.9759 0.0044 -0.0002 0.0002 0.0002 -0.0002 0.0013 -0.0013 0.0055 -0.0054 -0.0002 0.0002
0.0 0.5 300 330 0.8376 0.0031 0.0031 0.0100 0.9780 0.0038 -0.0002 0.0001 0.0002 -0.0002 0.0013 -0.0013 0.0049 -0.0049 -0.0002 0.0001
0.0 0.5 330 362 0.8431 0.0039 0.0039 0.0036 0.9797 0.0033 -0.0001 0.0001 0.0002 -0.0002 0.0012 -0.0012 0.0047 -0.0046 -0.0001 0.0001
0.0 0.5 362 395 0.8519 0.0025 0.0025 0.0102 0.9812 0.0028 -0.0001 0.0001 0.0001 -0.0001 0.0010 -0.0010 0.0046 -0.0046 -0.0001 0.0001
0.0 0.5 395 430 0.8491 0.0031 0.0031 0.0048 0.9825 0.0023 -0.0001 0.0000 0.0001 -0.0001 0.0009 -0.0009 0.0044 -0.0044 -0.0001 0.0000
0.0 0.5 430 468 0.8516 0.0038 0.0038 0.0027 0.9836 0.0019 -0.0000 0.0000 0.0002 -0.0002 0.0009 -0.0009 0.0043 -0.0043 -0.0000 0.0000
0.0 0.5 468 507 0.8582 0.0047 0.0047 0.0010 0.9845 0.0016 -0.0000 0.0000 0.0002 -0.0002 0.0010 -0.0010 0.0042 -0.0042 -0.0000 0.0000
0.0 0.5 507 548 0.8639 0.0021 0.0021 0.0135 0.9852 0.0012 -0.0000 0.0000 0.0002 -0.0002 0.0010 -0.0010 0.0041 -0.0041 -0.0000 0.0000
0.0 0.5 548 592 0.8681 0.0026 0.0026 0.0083 0.9859 0.0009 -0.0000 0.0000 0.0003 -0.0003 0.0009 -0.0009 0.0040 -0.0040 -0.0000 0.0000
0.0 0.5 592 638 0.8674 0.0031 0.0031 0.0075 0.9865 0.0006 -0.0000 0.0000 0.0005 -0.0005 0.0007 -0.0007 0.0038 -0.0038 -0.0000 0.0000
0.0 0.5 638 686 0.8632 0.0038 0.0038 0.0042 0.9870 0.0004 -0.0001 0.0001 0.0005 -0.0005 0.0007 -0.0007 0.0036 -0.0036 -0.0001 0.0001
0.0 0.5 686 737 0.8684 0.0047 0.0047 0.0017 0.9875 0.0002 -0.0001 0.0001 0.0006 -0.0006 0.0010 -0.0010 0.0035 -0.0035 -0.0001 0.0001
0.0 0.5 737 790 0.8829 0.0060 0.0060 0.0001 0.9879 0.0000 -0.0001 -0.0001 0.0005 -0.0005 0.0010 -0.0010 0.0034 -0.0034 -0.0001 -0.0001
0.0 0.5 790 846 0.8810 0.0075 0.0075 0.0001 0.9882 0.0002 -0.0001 0.0001 0.0004 -0.0004 0.0008 -0.0008 0.0032 -0.0032 -0.0001 0.0001
0.0 0.5 846 905 0.8645 0.0091 0.0091 0.0014 0.9885 0.0004 -0.0001 0.0001 0.0003 -0.0003 0.0006 -0.0006 0.0031 -0.0031 -0.0001 0.0001
0.0 0.5 905 967 0.8771 0.0116 0.0116 0.0006 0.9888 0.0006 -0.0001 -0.0001 0.0003 -0.0003 0.0007 -0.0006 0.0033 -0.0032 -0.0001 -0.0001
0.0 0.5 967 1032 0.8770 0.0152 0.0152 0.0001 0.9890 0.0007 -0.0001 0.0002 0.0003 -0.0003 0.0007 -0.0007 0.0032 -0.0032 -0.0001 0.0002
0.0 0.5 1032 1101 0.8895 0.0195 0.0195 0.0001 0.9892 0.0009 -0.0002 0.0001 0.0001 -0.0001 0.0007 -0.0007 0.0031 -0.0031 -0.0002 0.0001
0.0 0.5 1101 1172 0.8815 0.0248 0.0248 0.0000 0.9894 0.0010 -0.0002 0.0002 0.0000 0.0000 0.0007 -0.0007 0.0030 -0.0030 -0.0002 0.0002
0.0 0.5 1172 1248 0.8745 0.0294 0.0294 0.0000 0.9896 0.0011 -0.0002 0.0002 0.0000 0.0000 0.0008 -0.0008 0.0031 -0.0031 -0.0002 0.0002
0.0 0.5 1248 1327 0.8983 0.0441 0.0441 0.0000 0.9897 0.0012 -0.0002 0.0002 0.0000 0.0000 0.0006 -0.0006 0.0032 -0.0032 -0.0002 0.0002

0.5 1.0 56 64 0.6961 0.0062 0.0062 0.0090 0.8520 0.0141 -0.0052 0.0049 -0.0003 0.0003 0.0044 -0.0044 0.0116 -0.0114 -0.0052 0.0049
0.5 1.0 64 74 0.7210 0.0081 0.0081 0.0058 0.8732 0.0124 -0.0040 0.0037 -0.0003 0.0003 0.0040 -0.0040 0.0110 -0.0109 -0.0040 0.0037
0.5 1.0 74 84 0.7461 0.0114 0.0114 0.0013 0.8934 0.0109 -0.0031 0.0029 -0.0002 0.0002 0.0035 -0.0035 0.0104 -0.0103 -0.0031 0.0029
0.5 1.0 84 97 0.7466 0.0132 0.0132 0.0010 0.9111 0.0095 -0.0023 0.0022 -0.0003 0.0003 0.0034 -0.0033 0.0098 -0.0096 -0.0023 0.0022
0.5 1.0 97 114 0.7575 0.0040 0.0040 0.0090 0.9273 0.0081 -0.0017 0.0016 -0.0002 0.0002 0.0027 -0.0027 0.0089 -0.0088 -0.0017 0.0016
0.5 1.0 114 133 0.7793 0.0057 0.0057 0.0019 0.9406 0.0070 -0.0013 0.0012 -0.0002 0.0002 0.0025 -0.0025 0.0085 -0.0084 -0.0013 0.0012
0.5 1.0 133 153 0.7870 0.0077 0.0077 0.0006 0.9506 0.0060 -0.0009 0.0009 -0.0002 0.0002 0.0022 -0.0022 0.0076 -0.0075 -0.0009 0.0009
0.5 1.0 153 174 0.7936 0.0105 0.0105 0.0005 0.9581 0.0053 -0.0007 0.0007 -0.0000 0.0000 0.0018 -0.0018 0.0070 -0.0070 -0.0007 0.0007
0.5 1.0 174 196 0.8127 0.0037 0.0037 0.0098 0.9638 0.0048 -0.0005 0.0005 -0.0000 0.0000 0.0017 -0.0017 0.0069 -0.0068 -0.0005 0.0005
0.5 1.0 196 220 0.8262 0.0049 0.0049 0.0037 0.9683 0.0043 -0.0004 0.0004 -0.0000 0.0000 0.0016 -0.0016 0.0063 -0.0063 -0.0004 0.0004
0.5 1.0 220 245 0.8197 0.0061 0.0061 0.0005 0.9718 0.0040 -0.0003 0.0003 -0.0000 0.0000 0.0014 -0.0014 0.0060 -0.0059 -0.0003 0.0003
0.5 1.0 245 272 0.8411 0.0079 0.0079 0.0003 0.9746 0.0038 -0.0003 0.0002 -0.0002 0.0002 0.0017 -0.0017 0.0058 -0.0058 -0.0003 0.0002
0.5 1.0 272 300 0.8581 0.0103 0.0103 0.0003 0.9768 0.0037 -0.0002 0.0002 -0.0002 0.0002 0.0013 -0.0013 0.0056 -0.0056 -0.0002 0.0002
0.5 1.0 300 330 0.8425 0.0032 0.0032 0.0090 0.9786 0.0036 -0.0001 0.0001 -0.0002 0.0002 0.0010 -0.0010 0.0051 -0.0050 -0.0001 0.0001
0.5 1.0 330 362 0.8381 0.0041 0.0041 0.0040 0.9800 0.0035 -0.0001 0.0001 -0.0002 0.0002 0.0009 -0.0009 0.0047 -0.0047 -0.0001 0.0001
0.5 1.0 362 395 0.8451 0.0026 0.0026 0.0099 0.9811 0.0036 -0.0001 0.0001 -0.0002 0.0002 0.0009 -0.0009 0.0047 -0.0046 -0.0001 0.0001
0.5 1.0 395 430 0.8525 0.0033 0.0033 0.0067 0.9820 0.0036 -0.0000 0.0000 -0.0002 0.0002 0.0009 -0.0009 0.0046 -0.0045 -0.0000 0.0000
0.5 1.0 430 468 0.8568 0.0040 0.0040 0.0024 0.9827 0.0037 -0.0000 0.0000 -0.0001 0.0001 0.0010 -0.0010 0.0045 -0.0044 -0.0000 0.0000
0.5 1.0 468 507 0.8517 0.0050 0.0050 0.0017 0.9832 0.0038 -0.0000 0.0000 0.0000 0.0000 0.0009 -0.0009 0.0043 -0.0043 -0.0000 0.0000
0.5 1.0 507 548 0.8635 0.0023 0.0023 0.0154 0.9836 0.0040 -0.0000 0.0000 0.0000 0.0000 0.0007 -0.0007 0.0043 -0.0042 -0.0000 0.0000
0.5 1.0 548 592 0.8698 0.0029 0.0029 0.0096 0.9839 0.0041 -0.0001 0.0001 0.0000 0.0000 0.0007 -0.0007 0.0041 -0.0041 -0.0001 0.0001
0.5 1.0 592 638 0.8717 0.0034 0.0034 0.0055 0.9842 0.0043 -0.0001 0.0001 0.0000 0.0000 0.0010 -0.0010 0.0040 -0.0040 -0.0001 0.0001
0.5 1.0 638 686 0.8677 0.0043 0.0043 0.0039 0.9843 0.0045 -0.0001 0.0001 0.0000 0.0000 0.0010 -0.0010 0.0038 -0.0038 -0.0001 0.0001
0.5 1.0 686 737 0.8678 0.0054 0.0054 0.0018 0.9844 0.0047 -0.0001 0.0001 0.0000 0.0000 0.0007 -0.0007 0.0037 -0.0037 -0.0001 0.0001
0.5 1.0 737 790 0.8730 0.0067 0.0067 0.0003 0.9844 0.0049 -0.0001 0.0000 0.0000 0.0000 0.0006 -0.0006 0.0035 -0.0035 -0.0001 0.0000
0.5 1.0 790 846 0.8777 0.0085 0.0085 0.0003 0.9844 0.0051 -0.0002 0.0000 0.0000 0.0000 0.0006 -0.0006 0.0034 -0.0034 -0.0002 0.0000
0.5 1.0 846 905 0.8912 0.0113 0.0113 0.0000 0.9844 0.0054 -0.0002 0.0000 0.0000 0.0000 0.0007 -0.0007 0.0034 -0.0034 -0.0002 0.0000
0.5 1.0 905 967 0.8866 0.0152 0.0152 0.0000 0.9843 0.0056 -0.0002 0.0002 0.0000 0.0000 0.0007 -0.0007 0.0035 -0.0035 -0.0002 0.0002
0.5 1.0 967 1032 0.8708 0.0198 0.0198 0.0003 0.9842 0.0058 -0.0003 0.0002 0.0000 0.0000 0.0007 -0.0007 0.0035 -0.0035 -0.0003 0.0002
0.5 1.0 1032 1101 0.8774 0.0245 0.0245 0.0000 0.9841 0.0061 -0.0003 0.0003 0.0000 0.0000 0.0008 -0.0008 0.0033 -0.0033 -0.0003 0.0003
0.5 1.0 1101 1172 0.8400 0.0318 0.0318 0.0001 0.9839 0.0063 -0.0003 0.0003 0.0000 0.0000 0.0006 -0.0006 0.0031 -0.0031 -0.0003 0.0003
0.5 1.0 1172 1248 0.9289 0.0456 0.0456 0.0001 0.9838 0.0066 -0.0004 0.0004 0.0000 0.0000 0.0002 -0.0002 0.0037 -0.0037 -0.0004 0.0004
0.5 1.0 1248 1327 0.9114 0.0841 0.0841 0.0001 0.9836 0.0069 -0.0070 0.0070 0.0000 0.0000 -0.0000 0.0000 0.0036 -0.0036 -0.0070 0.0070

1.0 1.5 56 64 0.7063 0.0063 0.0063 0.0112 0.8522 0.0140 -0.0070 0.0064 -0.0005 0.0005 0.0054 -0.0054 0.0118 -0.0116 -0.0070 0.0064
1.0 1.5 64 74 0.7237 0.0081 0.0081 0.0046 0.8725 0.0129 -0.0051 0.0047 -0.0005 0.0005 0.0047 -0.0047 0.0111 -0.0109 -0.0051 0.0047
1.0 1.5 74 84 0.7310 0.0114 0.0114 0.0020 0.8919 0.0119 -0.0037 0.0035 -0.0003 0.0003 0.0041 -0.0041 0.0102 -0.0101 -0.0037 0.0035
1.0 1.5 84 97 0.7510 0.0125 0.0125 0.0010 0.9089 0.0109 -0.0028 0.0026 -0.0003 0.0003 0.0037 -0.0037 0.0099 -0.0097 -0.0028 0.0026
1.0 1.5 97 114 0.7654 0.0042 0.0042 0.0137 0.9247 0.0098 -0.0020 0.0019 -0.0002 0.0002 0.0033 -0.0033 0.0091 -0.0090 -0.0020 0.0019
1.0 1.5 114 133 0.7858 0.0061 0.0061 0.0044 0.9377 0.0087 -0.0014 0.0013 -0.0002 0.0002 0.0027 -0.0027 0.0087 -0.0086 -0.0014 0.0013
1.0 1.5 133 153 0.7957 0.0079 0.0079 0.0016 0.9477 0.0078 -0.0010 0.0009 -0.0002 0.0002 0.0024 -0.0024 0.0078 -0.0077 -0.0010 0.0009
1.0 1.5 153 174 0.8039 0.0105 0.0105 0.0006 0.9552 0.0069 -0.0007 0.0007 -0.0002 0.0002 0.0023 -0.0023 0.0072 -0.0072 -0.0007 0.0007
1.0 1.5 174 196 0.8215 0.0041 0.0041 0.0122 0.9611 0.0062 -0.0005 0.0005 -0.0000 0.0000 0.0022 -0.0022 0.0071 -0.0071 -0.0005 0.0005
1.0 1.5 196 220 0.8161 0.0054 0.0054 0.0039 0.9657 0.0055 -0.0003 0.0003 -0.0000 0.0000 0.0018 -0.0018 0.0064 -0.0064 -0.0003 0.0003
1.0 1.5 220 245 0.8190 0.0065 0.0065 0.0018 0.9695 0.0050 -0.0002 0.0002 -0.0000 0.0000 0.0016 -0.0016 0.0062 -0.0061 -0.0002 0.0002
1.0 1.5 245 272 0.8314 0.0083 0.0083 0.0007 0.9726 0.0044 -0.0001 0.0001 -0.0002 0.0002 0.0015 -0.0015 0.0060 -0.0059 -0.0001 0.0001
1.0 1.5 272 300 0.8275 0.0104 0.0104 0.0003 0.9751 0.0040 -0.0001 0.0000 -0.0002 0.0002 0.0017 -0.0017 0.0057 -0.0056 -0.0001 0.0000
1.0 1.5 300 330 0.8339 0.0037 0.0037 0.0104 0.9772 0.0036 -0.0000 0.0000 -0.0002 0.0002 0.0017 -0.0017 0.0053 -0.0053 -0.0000 0.0000
1.0 1.5 330 362 0.8512 0.0045 0.0045 0.0054 0.9789 0.0032 -0.0001 0.0001 -0.0002 0.0002 0.0016 -0.0015 0.0051 -0.0051 -0.0001 0.0001
1.0 1.5 362 395 0.8581 0.0030 0.0030 0.0112 0.9804 0.0029 -0.0001 0.0001 -0.0002 0.0002 0.0014 -0.0014 0.0051 -0.0050 -0.0001 0.0001
1.0 1.5 395 430 0.8489 0.0038 0.0038 0.0066 0.9816 0.0026 -0.0002 0.0002 -0.0003 0.0003 0.0013 -0.0013 0.0049 -0.0049 -0.0002 0.0002
1.0 1.5 430 468 0.8526 0.0046 0.0046 0.0035 0.9827 0.0024 -0.0002 0.0002 -0.0003 0.0003 0.0013 -0.0013 0.0049 -0.0048 -0.0002 0.0002
1.0 1.5 468 507 0.8705 0.0057 0.0057 0.0020 0.9836 0.0021 -0.0002 0.0003 -0.0002 0.0002 0.0013 -0.0013 0.0049 -0.0048 -0.0002 0.0003
1.0 1.5 507 548 0.8697 0.0029 0.0029 0.0153 0.9844 0.0019 -0.0003 0.0003 -0.0001 0.0001 0.0010 -0.0010 0.0048 -0.0048 -0.0003 0.0003
1.0 1.5 548 592 0.8664 0.0036 0.0036 0.0109 0.9851 0.0017 -0.0003 0.0003 0.0000 0.0000 0.0008 -0.0008 0.0047 -0.0046 -0.0003 0.0003
1.0 1.5 592 638 0.8646 0.0044 0.0044 0.0091 0.9857 0.0016 -0.0005 0.0004 0.0000 0.0000 0.0007 -0.0007 0.0046 -0.0045 -0.0005 0.0004
1.0 1.5 638 686 0.8570 0.0058 0.0058 0.0051 0.9862 0.0014 -0.0004 0.0004 0.0000 0.0000 0.0008 -0.0008 0.0044 -0.0044 -0.0004 0.0004
1.0 1.5 686 737 0.8613 0.0076 0.0076 0.0032 0.9866 0.0013 -0.0004 0.0006 0.0000 0.0000 0.0012 -0.0012 0.0043 -0.0043 -0.0004 0.0006
1.0 1.5 737 790 0.8605 0.0102 0.0102 0.0008 0.9870 0.0011 -0.0005 0.0007 0.0000 0.0000 0.0014 -0.0014 0.0042 -0.0042 -0.0005 0.0007
1.0 1.5 790 846 0.8535 0.0137 0.0137 0.0002 0.9874 0.0010 -0.0008 0.0006 0.0000 0.0000 0.0012 -0.0012 0.0040 -0.0040 -0.0008 0.0006
1.0 1.5 846 905 0.8874 0.0190 0.0190 0.0001 0.9877 0.0009 -0.0007 0.0007 0.0000 0.0000 0.0012 -0.0012 0.0042 -0.0042 -0.0007 0.0007
1.0 1.5 905 967 0.8625 0.0265 0.0265 0.0002 0.9880 0.0008 -0.0008 0.0008 0.0000 0.0000 0.0010 -0.0010 0.0044 -0.0043 -0.0008 0.0008
1.0 1.5 967 1032 0.9107 0.0394 0.0394 0.0002 0.9882 0.0007 -0.0002 0.0050 0.0000 0.0000 0.0010 -0.0010 0.0047 -0.0047 -0.0002 0.0050
1.0 1.5 1032 1101 0.9641 0.0580 0.0580 0.0003 0.9884 0.0007 0.0026 0.0049 0.0000 0.0000 0.0011 -0.0011 0.0048 -0.0048 0.0026 0.0049

1.5 2.0 56 64 0.7001 0.0070 0.0070 0.0189 0.8585 0.0135 -0.0093 0.0083 0.0056 -0.0055 0.0070 -0.0070 0.0118 -0.0116 -0.0093 0.0083
1.5 2.0 64 74 0.7137 0.0093 0.0093 0.0028 0.8788 0.0129 -0.0066 0.0059 0.0049 -0.0048 0.0062 -0.0061 0.0111 -0.0109 -0.0066 0.0059
1.5 2.0 74 84 0.7253 0.0131 0.0131 0.0012 0.8980 0.0123 -0.0047 0.0043 0.0043 -0.0043 0.0056 -0.0056 0.0103 -0.0101 -0.0047 0.0043
1.5 2.0 84 97 0.7725 0.0159 0.0159 0.0013 0.9144 0.0115 -0.0036 0.0033 0.0041 -0.0041 0.0053 -0.0053 0.0103 -0.0102 -0.0036 0.0033
1.5 2.0 97 114 0.7597 0.0050 0.0050 0.0082 0.9292 0.0104 -0.0025 0.0023 0.0034 -0.0033 0.0046 -0.0046 0.0092 -0.0091 -0.0025 0.0023
1.5 2.0 114 133 0.7678 0.0070 0.0070 0.0025 0.9412 0.0092 -0.0017 0.0016 0.0029 -0.0029 0.0040 -0.0040 0.0087 -0.0086 -0.0017 0.0016
1.5 2.0 133 153 0.7799 0.0097 0.0097 0.0006 0.9501 0.0079 -0.0012 0.0011 0.0024 -0.0024 0.0036 -0.0036 0.0079 -0.0078 -0.0012 0.0011
1.5 2.0 153 174 0.8084 0.0142 0.0142 0.0005 0.9567 0.0068 -0.0009 0.0008 0.0024 -0.0024 0.0032 -0.0032 0.0076 -0.0075 -0.0009 0.0008
1.5 2.0 174 196 0.8150 0.0050 0.0050 0.0063 0.9617 0.0058 -0.0007 0.0006 0.0023 -0.0023 0.0031 -0.0031 0.0075 -0.0074 -0.0007 0.0006
1.5 2.0 196 220 0.8088 0.0065 0.0065 0.0035 0.9656 0.0049 -0.0005 0.0004 0.0021 -0.0021 0.0028 -0.0027 0.0068 -0.0067 -0.0005 0.0004
1.5 2.0 220 245 0.8336 0.0088 0.0088 0.0011 0.9687 0.0041 -0.0003 0.0003 0.0018 -0.0018 0.0025 -0.0025 0.0068 -0.0067 -0.0003 0.0003
1.5 2.0 245 272 0.8312 0.0110 0.0110 0.0004 0.9711 0.0033 -0.0002 0.0002 0.0016 -0.0016 0.0023 -0.0023 0.0065 -0.0065 -0.0002 0.0002
1.5 2.0 272 300 0.8187 0.0153 0.0153 0.0002 0.9731 0.0027 -0.0001 0.0001 0.0017 -0.0017 0.0024 -0.0024 0.0062 -0.0062 -0.0001 0.0001
1.5 2.0 300 330 0.8424 0.0049 0.0049 0.0051 0.9747 0.0021 -0.0000 0.0000 0.0016 -0.0016 0.0024 -0.0024 0.0060 -0.0060 -0.0000 0.0000
1.5 2.0 330 362 0.8491 0.0064 0.0064 0.0025 0.9761 0.0016 -0.0000 0.0000 0.0016 -0.0016 0.0022 -0.0022 0.0058 -0.0058 -0.0000 0.0000
1.5 2.0 362 395 0.8520 0.0046 0.0046 0.0059 0.9772 0.0011 -0.0001 0.0001 0.0015 -0.0015 0.0019 -0.0019 0.0058 -0.0058 -0.0001 0.0001
1.5 2.0 395 430 0.8538 0.0059 0.0059 0.0052 0.9781 0.0007 -0.0001 0.0002 0.0014 -0.0014 0.0017 -0.0017 0.0059 -0.0058 -0.0001 0.0002
1.5 2.0 430 468 0.8739 0.0080 0.0080 0.0011 0.9789 0.0003 -0.0002 0.0002 0.0011 -0.0011 0.0017 -0.0017 0.0060 -0.0060 -0.0002 0.0002
1.5 2.0 468 507 0.8527 0.0109 0.0109 0.0002 0.9795 0.0000 -0.0003 0.0003 0.0011 -0.0011 0.0017 -0.0017 0.0059 -0.0058 -0.0003 0.0003
1.5 2.0 507 548 0.8649 0.0051 0.0051 0.0062 0.9801 0.0003 -0.0003 0.0004 0.0014 -0.0013 0.0018 -0.0018 0.0060 -0.0060 -0.0003 0.0004
1.5 2.0 548 592 0.8547 0.0071 0.0071 0.0066 0.9806 0.0006 -0.0004 0.0004 0.0014 -0.0014 0.0019 -0.0019 0.0060 -0.0059 -0.0004 0.0004
1.5 2.0 592 638 0.8816 0.0100 0.0100 0.0036 0.9810 0.0009 -0.0005 0.0005 0.0014 -0.0014 0.0021 -0.0021 0.0062 -0.0062 -0.0005 0.0005
1.5 2.0 638 686 0.8585 0.0147 0.0147 0.0000 0.9813 0.0011 -0.0006 0.0006 0.0012 -0.0012 0.0020 -0.0020 0.0061 -0.0060 -0.0006 0.0006
1.5 2.0 686 737 0.8449 0.0214 0.0214 0.0017 0.9816 0.0013 -0.0008 0.0007 0.0011 -0.0011 0.0017 -0.0017 0.0061 -0.0060 -0.0008 0.0007
1.5 2.0 737 790 0.8634 0.0323 0.0323 0.0000 0.9819 0.0015 -0.0009 0.0010 0.0012 -0.0012 0.0015 -0.0015 0.0063 -0.0062 -0.0009 0.0010
1.5 2.0 790 846 0.8635 0.0576 0.0576 0.0000 0.9821 0.0017 -0.0012 0.0012 0.0016 -0.0016 0.0014 -0.0014 0.0064 -0.0063 -0.0012 0.0012

2.0 2.5 56 64 0.7036 0.0085 0.0085 0.0031 0.8667 0.0135 -0.0171 0.0144 -0.0099 0.0101 0.0118 -0.0116 0.0123 -0.0121 -0.0171 0.0144
2.0 2.5 64 74 0.7167 0.0112 0.0112 0.0046 0.8866 0.0135 -0.0125 0.0106 -0.0088 0.0089 0.0106 -0.0104 0.0116 -0.0114 -0.0125 0.0106
2.0 2.5 74 84 0.7297 0.0157 0.0157 0.0024 0.9052 0.0132 -0.0093 0.0079 -0.0079 0.0080 0.0093 -0.0092 0.0109 -0.0107 -0.0093 0.0079
2.0 2.5 84 97 0.7618 0.0203 0.0203 0.0009 0.9209 0.0123 -0.0072 0.0062 -0.0072 0.0073 0.0089 -0.0088 0.0108 -0.0107 -0.0072 0.0062
2.0 2.5 97 114 0.7802 0.0065 0.0065 0.0036 0.9346 0.0107 -0.0053 0.0046 -0.0064 0.0065 0.0080 -0.0079 0.0102 -0.0100 -0.0053 0.0046
2.0 2.5 114 133 0.7921 0.0091 0.0091 0.0033 0.9454 0.0089 -0.0038 0.0033 -0.0057 0.0057 0.0072 -0.0071 0.0098 -0.0097 -0.0038 0.0033
2.0 2.5 133 153 0.7934 0.0129 0.0129 0.0005 0.9531 0.0071 -0.0028 0.0024 -0.0051 0.0051 0.0064 -0.0063 0.0089 -0.0088 -0.0028 0.0024
2.0 2.5 153 174 0.8119 0.0190 0.0190 0.0005 0.9587 0.0054 -0.0021 0.0018 -0.0045 0.0045 0.0059 -0.0058 0.0086 -0.0085 -0.0021 0.0018
2.0 2.5 174 196 0.8183 0.0069 0.0069 0.0030 0.9628 0.0040 -0.0015 0.0013 -0.0042 0.0043 0.0057 -0.0056 0.0085 -0.0084 -0.0015 0.0013
2.0 2.5 196 220 0.8060 0.0092 0.0092 0.0024 0.9659 0.0027 -0.0011 0.0010 -0.0039 0.0039 0.0051 -0.0051 0.0078 -0.0077 -0.0011 0.0010
2.0 2.5 220 245 0.8280 0.0130 0.0130 0.0008 0.9683 0.0016 -0.0008 0.0007 -0.0039 0.0040 0.0048 -0.0047 0.0079 -0.0078 -0.0008 0.0007
2.0 2.5 245 272 0.8095 0.0176 0.0176 0.0003 0.9702 0.0006 -0.0005 0.0004 -0.0033 0.0033 0.0046 -0.0046 0.0076 -0.0076 -0.0005 0.0004
2.0 2.5 272 300 0.8770 0.0279 0.0279 0.0002 0.9716 0.0003 -0.0002 0.0002 -0.0034 0.0035 0.0044 -0.0044 0.0082 -0.0081 -0.0002 0.0002
2.0 2.5 300 330 0.8208 0.0089 0.0089 0.0048 0.9728 0.0011 -0.0000 0.0000 -0.0032 0.0032 0.0040 -0.0040 0.0073 -0.0073 -0.0000 0.0000
2.0 2.5 330 362 0.8444 0.0119 0.0119 0.0038 0.9737 0.0018 -0.0003 0.0003 -0.0034 0.0035 0.0041 -0.0040 0.0075 -0.0074 -0.0003 0.0003
2.0 2.5 362 395 0.8434 0.0100 0.0100 0.0003 0.9745 0.0024 -0.0005 0.0005 -0.0037 0.0037 0.0042 -0.0042 0.0077 -0.0076 -0.0005 0.0005
2.0 2.5 395 430 0.8174 0.0149 0.0149 0.0059 0.9751 0.0029 -0.0007 0.0008 -0.0037 0.0038 0.0042 -0.0042 0.0077 -0.0076 -0.0007 0.0008
2.0 2.5 430 468 0.8512 0.0227 0.0227 0.0006 0.9756 0.0034 -0.0011 0.0012 -0.0038 0.0038 0.0046 -0.0046 0.0084 -0.0083 -0.0011 0.0012
2.0 2.5 468 507 0.8459 0.0400 0.0400 0.0001 0.9760 0.0039 -0.0015 0.0016 -0.0036 0.0036 0.0046 -0.0046 0.0087 -0.0086 -0.0015 0.0016
2.0 2.5 507 548 0.8546 0.0219 0.0219 0.0104 0.9763 0.0042 -0.0052 -0.0041 -0.0033 0.0033 0.0044 -0.0044 0.0094 -0.0092 -0.0052 -0.0041
2.0 2.5 548 592 0.7732 0.0343 0.0343 0.0031 0.9766 0.0046 -0.0030 0.0026 -0.0030 0.0031 0.0041 -0.0041 0.0091 -0.0090 -0.0030 0.0026

2.5 3.0 56 64 0.7953 0.0111 0.0111 0.0103 0.8768 0.0101 -0.0546 0.0430 0.0379 -0.0361 0.0193 -0.0188 0.0150 -0.0147 -0.0546 0.0430
2.5 3.0 64 74 0.7885 0.0141 0.0141 0.0059 0.8957 0.0120 -0.0382 0.0298 0.0322 -0.0309 0.0169 -0.0166 0.0137 -0.0135 -0.0382 0.0298
2.5 3.0 74 84 0.7842 0.0199 0.0199 0.0041 0.9125 0.0130 -0.0271 0.0212 0.0280 -0.0269 0.0147 -0.0144 0.0126 -0.0124 -0.0271 0.0212
2.5 3.0 84 97 0.7898 0.0222 0.0222 0.0017 0.9256 0.0124 -0.0197 0.0155 0.0248 -0.0239 0.0132 -0.0129 0.0121 -0.0119 -0.0197 0.0155
2.5 3.0 97 114 0.7997 0.0078 0.0078 0.0128 0.9361 0.0105 -0.0140 0.0111 0.0222 -0.0215 0.0120 -0.0118 0.0114 -0.0112 -0.0140 0.0111
2.5 3.0 114 133 0.8333 0.0122 0.0122 0.0040 0.9436 0.0080 -0.0101 0.0080 0.0207 -0.0201 0.0110 -0.0108 0.0115 -0.0113 -0.0101 0.0080
2.5 3.0 133 153 0.8337 0.0171 0.0171 0.0005 0.9486 0.0054 -0.0071 0.0056 0.0184 -0.0179 0.0104 -0.0103 0.0107 -0.0105 -0.0071 0.0056
2.5 3.0 153 174 0.8269 0.0230 0.0230 0.0002 0.9519 0.0032 -0.0049 0.0039 0.0173 -0.0169 0.0094 -0.0093 0.0103 -0.0101 -0.0049 0.0039
2.5 3.0 174 196 0.8317 0.0103 0.0103 0.0070 0.9542 0.0014 -0.0034 0.0027 0.0165 -0.0160 0.0094 -0.0092 0.0106 -0.0104 -0.0034 0.0027
2.5 3.0 196 220 0.8717 0.0160 0.0160 0.0009 0.9558 0.0003 -0.0023 0.0017 0.0164 -0.0160 0.0094 -0.0092 0.0107 -0.0105 -0.0023 0.0017
2.5 3.0 220 245 0.8479 0.0247 0.0247 0.0026 0.9570 0.0016 -0.0011 0.0008 0.0158 -0.0154 0.0089 -0.0088 0.0107 -0.0106 -0.0011 0.0008
2.5 3.0 245 272 0.8609 0.0370 0.0370 0.0009 0.9578 0.0027 -0.0001 -0.0000 0.0162 -0.0158 0.0089 -0.0088 0.0113 -0.0111 -0.0001 -0.0000
2.5 3.0 272 300 0.8497 0.0509 0.0509 0.0012 0.9584 0.0036 -0.0011 0.0011 0.0158 -0.0154 0.0090 -0.0089 0.0117 -0.0115 -0.0011 0.0011
2.5 3.0 300 330 0.8212 0.0246 0.0246 0.0081 0.9588 0.0044 -0.0021 0.0023 0.0163 -0.0158 0.0093 -0.0092 0.0117 -0.0115 -0.0021 0.0023
2.5 3.0 330 362 0.8668 0.0407 0.0407 0.0021 0.9590 0.0050 -0.0038 0.0042 0.0185 -0.0180 0.0106 -0.0104 0.0133 -0.0130 -0.0038 0.0042
